Starting
Actions collected is 59
0 : 90, 146, 35, 140, 85, 80    OVer....
1 : 90, 141, 35, 140, 85, 80    OVer....
2 : 90, 136, 35, 140, 85, 80    OVer....
3 : 90, 131, 35, 140, 85, 80    OVer....
4 : 90, 126, 35, 140, 85, 80    OVer....
5 : 90, 121, 35, 140, 85, 80    OVer....
6 : 90, 116, 35, 140, 85, 80    OVer....
7 : 90, 111, 35, 140, 85, 80    OVer....
8 : 90, 106, 35, 140, 85, 80    OVer....
9 : 90, 101, 35, 140, 85, 80    OVer....
10 : 90, 96, 35, 140, 85, 80    OVer....
11 : 90, 91, 35, 140, 85, 80    OVer....
12 : 63, 89, 35, 140, 85, 80    OVer....
13 : 68, 89, 35, 140, 85, 80    OVer....
14 : 73, 89, 35, 140, 85, 80    OVer....
15 : 78, 89, 35, 140, 85, 80    OVer....
16 : 83, 89, 35, 140, 85, 80    OVer....
17 : 88, 89, 35, 140, 85, 80    OVer....
18 : 91, 89, 35, 138, 85, 80    OVer....
19 : 91, 89, 35, 133, 85, 80    OVer....
20 : 91, 89, 35, 128, 85, 80    OVer....
21 : 91, 89, 35, 123, 85, 80    OVer....
22 : 91, 89, 35, 118, 85, 80    OVer....
23 : 91, 89, 35, 113, 85, 80    OVer....
24 : 91, 89, 35, 108, 85, 80    OVer....
25 : 91, 89, 35, 103, 85, 80    OVer....
26 : 91, 89, 35, 98, 85, 80    OVer....
27 : 91, 89, 35, 93, 85, 80    OVer....
28 : 91, 89, 35, 88, 85, 80    OVer....
29 : 91, 89, 35, 83, 85, 80    OVer....
30 : 91, 89, 35, 78, 85, 80    OVer....
31 : 91, 89, 35, 73, 85, 80    OVer....
32 : 91, 89, 35, 68, 85, 80    OVer....
33 : 91, 89, 35, 63, 85, 80    OVer....
34 : 91, 89, 35, 58, 85, 80    OVer....
35 : 91, 89, 35, 53, 85, 80    OVer....
36 : 91, 89, 35, 48, 85, 80    OVer....
37 : 91, 89, 35, 43, 85, 80    OVer....
38 : 89, 89, 35, 39, 85, 80    OVer....
39 : 84, 89, 35, 39, 85, 80    OVer....
40 : 79, 89, 35, 39, 85, 80    OVer....
41 : 74, 89, 35, 39, 85, 80    OVer....
42 : 69, 89, 35, 39, 85, 80    OVer....
43 : 64, 89, 35, 39, 85, 80    OVer....
44 : 59, 90, 35, 39, 85, 80    OVer....
45 : 59, 95, 35, 39, 85, 80    OVer....
46 : 59, 100, 35, 39, 85, 80    OVer....
47 : 59, 105, 35, 39, 85, 80    OVer....
48 : 59, 110, 35, 39, 85, 80    OVer....
49 : 59, 115, 35, 39, 85, 80    OVer....
50 : 59, 120, 35, 39, 85, 80    OVer....
51 : 59, 121, 35, 39, 85, 84    OVer....
52 : 59, 121, 35, 39, 85, 89    OVer....
53 : 59, 121, 35, 39, 85, 94    OVer....
54 : 59, 121, 35, 39, 85, 99    OVer....
55 : 59, 121, 35, 39, 85, 104    OVer....
56 : 59, 121, 35, 39, 85, 109    OVer....
57 : 59, 121, 35, 39, 85, 114    OVer....
58 : 59, 121, 35, 39, 85, 119    OVer....

